-20 -23555.255109
-19 -20173.3974282
-18 -17132.3837602
-17 -14411.0122397
-16 -11995.5143165
-15 -9866.56079994
-14 -8003.20516776
-13 -6391.33486532
-12 -5011.46272799
-11 -3846.72649659
-10 -2875.44384973
-9 -2084.52334173
-8 -1451.39186881
-7 -962.410182094
-6 -595.527093183
-5 -336.594621263
-4 -164.079980951
-3 -62.3865271886
-2 -11.4248727521
-1 3.06432478431
0 4.2075972256
1 6.21613879401
2 27.6438528957
3 88.1769918986
4 204.004215243
5 393.974856926
6 676.404800703
7 1067.92293554
8 1587.79538772
9 2254.39823935
10 3084.45830648
11 4095.6559199
12 5307.24683802
13 6737.59055266
14 8404.59368987
15 10323.5165333
16 12515.2158242
17 14998.1210883
18 17788.5813223
19 20904.4422828